[ 1 2 3 141]
[ 2 3 141 1]
[ 3 141 1 2]
[141 1 2 3] with 17
[ 1 2 8 141]
[ 2 8 141 1]
[ 8 141 1 2]
[141 1 2 8] with 15
[ 1 2 35 141]
[ 2 35 141 1]
[ 35 141 1 2]
[141 1 2 35] with 17
[ 1 2 70 141]
[ 2 70 141 1]
[ 70 141 1 2]
[141 1 2 70] with 16
[ 1 2 140 141]
[ 2 140 141 1]
[140 141 1 2]
[141 1 2 140] with 15
[ 1 2 141 203]
[ 2 141 203 1]
[141 203 1 2]
[203 1 2 141] with 13
[ 1 2 141 232]
[ 2 141 232 1]
[141 232 1 2]
[232 1 2 141] with 16
[ 1 4 141 203]
[ 4 141 203 1]
[141 203 1 4]
[203 1 4 141] with 16
[1 1 2 3]
[1 2 3 1]
[2 3 1 1]
[3 1 1 2] with 14
[1 2 3 1]
[2 3 1 1]
[3 1 1 2]
[1 1 2 3] with 14
[1 2 2 3]
[2 2 3 1]
[2 3 1 2]
[3 1 2 2] with 17
[1 1 2 4]
[1 2 4 1]
[2 4 1 1]
[4 1 1 2] with 9
[1 1 2 5]
[1 2 5 1]
[2 5 1 1]
[5 1 1 2] with 17
[1 2 5 1]
[2 5 1 1]
[5 1 1 2]
[1 1 2 5] with 17
[1 1 2 6]
[1 2 6 1]
[2 6 1 1]
[6 1 1 2] with 16
[1 2 6 1]
[2 6 1 1]
[6 1 1 2]
[1 1 2 6] with 16
[1 1 2 8]
[1 2 8 1]
[2 8 1 1]
[8 1 1 2] with 12
[1 2 8 1]
[2 8 1 1]
[8 1 1 2]
[1 1 2 8] with 12
[1 2 2 8]
[2 2 8 1]
[2 8 1 2]
[8 1 2 2] with 15
[ 1 1 2 16]
[ 1 2 16 1]
[ 2 16 1 1]
[16 1 1 2] with 15
[ 1 2 16 1]
[ 2 16 1 1]
[16 1 1 2]
[ 1 1 2 16] with 15
[ 1 1 2 17]
[ 1 2 17 1]
[ 2 17 1 1]
[17 1 1 2] with 15
[ 1 2 17 1]
[ 2 17 1 1]
[17 1 1 2]
[ 1 1 2 17] with 15
[ 1 1 2 33]
[ 1 2 33 1]
[ 2 33 1 1]
[33 1 1 2] with 17
[ 1 2 33 1]
[ 2 33 1 1]
[33 1 1 2]
[ 1 1 2 33] with 17
[ 1 1 2 34]
[ 1 2 34 1]
[ 2 34 1 1]
[34 1 1 2] with 16
[ 1 2 34 1]
[ 2 34 1 1]
[34 1 1 2]
[ 1 1 2 34] with 16
[ 1 1 2 35]
[ 1 2 35 1]
[ 2 35 1 1]
[35 1 1 2] with 14
[ 1 2 35 1]
[ 2 35 1 1]
[35 1 1 2]
[ 1 1 2 35] with 14
[ 1 2 2 35]
[ 2 2 35 1]
[ 2 35 1 2]
[35 1 2 2] with 17
[ 1 1 2 70]
[ 1 2 70 1]
[ 2 70 1 1]
[70 1 1 2] with 13
[ 1 2 70 1]
[ 2 70 1 1]
[70 1 1 2]
[ 1 1 2 70] with 13
[ 1 2 2 70]
[ 2 2 70 1]
[ 2 70 1 2]
[70 1 2 2] with 16
[ 1 1 2 116]
[ 1 2 116 1]
[ 2 116 1 1]
[116 1 1 2] with 16
[ 1 2 116 1]
[ 2 116 1 1]
[116 1 1 2]
[ 1 1 2 116] with 16
[ 1 1 2 133]
[ 1 2 133 1]
[ 2 133 1 1]
[133 1 1 2] with 15
[ 1 2 133 1]
[ 2 133 1 1]
[133 1 1 2]
[ 1 1 2 133] with 15
[ 1 1 2 140]
[ 1 2 140 1]
[ 2 140 1 1]
[140 1 1 2] with 12
[ 1 2 140 1]
[ 2 140 1 1]
[140 1 1 2]
[ 1 1 2 140] with 12
[ 1 2 2 140]
[ 2 2 140 1]
[ 2 140 1 2]
[140 1 2 2] with 15
[ 1 1 2 141]
[ 1 2 141 1]
[ 2 141 1 1]
[141 1 1 2] with 6
[ 1 2 141 1]
[ 2 141 1 1]
[141 1 1 2]
[ 1 1 2 141] with 6
[ 1 2 2 141]
[ 2 2 141 1]
[ 2 141 1 2]
[141 1 2 2] with 9
[ 1 2 141 141]
[ 2 141 141 1]
[141 141 1 2]
[141 1 2 141] with 9
[ 1 1 2 143]
[ 1 2 143 1]
[ 2 143 1 1]
[143 1 1 2] with 17
[ 1 2 143 1]
[ 2 143 1 1]
[143 1 1 2]
[ 1 1 2 143] with 17
[ 1 1 2 156]
[ 1 2 156 1]
[ 2 156 1 1]
[156 1 1 2] with 16
[ 1 2 156 1]
[ 2 156 1 1]
[156 1 1 2]
[ 1 1 2 156] with 16
[ 1 1 2 201]
[ 1 2 201 1]
[ 2 201 1 1]
[201 1 1 2] with 17
[ 1 2 201 1]
[ 2 201 1 1]
[201 1 1 2]
[ 1 1 2 201] with 17
[ 1 1 2 202]
[ 1 2 202 1]
[ 2 202 1 1]
[202 1 1 2] with 16
[ 1 2 202 1]
[ 2 202 1 1]
[202 1 1 2]
[ 1 1 2 202] with 16
[ 1 1 2 203]
[ 1 2 203 1]
[ 2 203 1 1]
[203 1 1 2] with 10
[ 1 2 203 1]
[ 2 203 1 1]
[203 1 1 2]
[ 1 1 2 203] with 10
[ 1 2 2 203]
[ 2 2 203 1]
[ 2 203 1 2]
[203 1 2 2] with 13
[ 1 2 203 203]
[ 2 203 203 1]
[203 203 1 2]
[203 1 2 203] with 17
[ 1 1 2 232]
[ 1 2 232 1]
[ 2 232 1 1]
[232 1 1 2] with 13
[ 1 2 232 1]
[ 2 232 1 1]
[232 1 1 2]
[ 1 1 2 232] with 13
[ 1 2 2 232]
[ 2 2 232 1]
[ 2 232 1 2]
[232 1 2 2] with 16
[ 1 1 2 233]
[ 1 2 233 1]
[ 2 233 1 1]
[233 1 1 2] with 17
[ 1 2 233 1]
[ 2 233 1 1]
[233 1 1 2]
[ 1 1 2 233] with 17
[1 1 3 4]
[1 3 4 1]
[3 4 1 1]
[4 1 1 3] with 17
[1 3 4 1]
[3 4 1 1]
[4 1 1 3]
[1 1 3 4] with 17
[ 1 1 3 141]
[ 1 3 141 1]
[ 3 141 1 1]
[141 1 1 3] with 14
[ 1 3 141 1]
[ 3 141 1 1]
[141 1 1 3]
[ 1 1 3 141] with 14
[ 1 3 141 141]
[ 3 141 141 1]
[141 141 1 3]
[141 1 3 141] with 17
[1 1 4 8]
[1 4 8 1]
[4 8 1 1]
[8 1 1 4] with 15
[1 4 8 1]
[4 8 1 1]
[8 1 1 4]
[1 1 4 8] with 15
[ 1 1 4 35]
[ 1 4 35 1]
[ 4 35 1 1]
[35 1 1 4] with 17
[ 1 4 35 1]
[ 4 35 1 1]
[35 1 1 4]
[ 1 1 4 35] with 17
[ 1 1 4 70]
[ 1 4 70 1]
[ 4 70 1 1]
[70 1 1 4] with 16
[ 1 4 70 1]
[ 4 70 1 1]
[70 1 1 4]
[ 1 1 4 70] with 16
[ 1 1 4 140]
[ 1 4 140 1]
[ 4 140 1 1]
[140 1 1 4] with 15
[ 1 4 140 1]
[ 4 140 1 1]
[140 1 1 4]
[ 1 1 4 140] with 15
[ 1 1 4 141]
[ 1 4 141 1]
[ 4 141 1 1]
[141 1 1 4] with 9
[ 1 4 141 1]
[ 4 141 1 1]
[141 1 1 4]
[ 1 1 4 141] with 9
[ 1 4 4 141]
[ 4 4 141 1]
[ 4 141 1 4]
[141 1 4 4] with 15
[ 1 4 141 141]
[ 4 141 141 1]
[141 141 1 4]
[141 1 4 141] with 12
[ 1 1 4 203]
[ 1 4 203 1]
[ 4 203 1 1]
[203 1 1 4] with 13
[ 1 4 203 1]
[ 4 203 1 1]
[203 1 1 4]
[ 1 1 4 203] with 13
[ 1 1 4 232]
[ 1 4 232 1]
[ 4 232 1 1]
[232 1 1 4] with 16
[ 1 4 232 1]
[ 4 232 1 1]
[232 1 1 4]
[ 1 1 4 232] with 16
[ 1 1 5 141]
[ 1 5 141 1]
[ 5 141 1 1]
[141 1 1 5] with 17
[ 1 5 141 1]
[ 5 141 1 1]
[141 1 1 5]
[ 1 1 5 141] with 17
[ 1 1 6 141]
[ 1 6 141 1]
[ 6 141 1 1]
[141 1 1 6] with 16
[ 1 6 141 1]
[ 6 141 1 1]
[141 1 1 6]
[ 1 1 6 141] with 16
[ 1 1 8 141]
[ 1 8 141 1]
[ 8 141 1 1]
[141 1 1 8] with 12
[ 1 8 141 1]
[ 8 141 1 1]
[141 1 1 8]
[ 1 1 8 141] with 12
[ 1 8 141 141]
[ 8 141 141 1]
[141 141 1 8]
[141 1 8 141] with 15
[ 1 1 8 203]
[ 1 8 203 1]
[ 8 203 1 1]
[203 1 1 8] with 16
[ 1 8 203 1]
[ 8 203 1 1]
[203 1 1 8]
[ 1 1 8 203] with 16
[ 1 1 16 141]
[ 1 16 141 1]
[ 16 141 1 1]
[141 1 1 16] with 15
[ 1 16 141 1]
[ 16 141 1 1]
[141 1 1 16]
[ 1 1 16 141] with 15
[ 1 1 17 141]
[ 1 17 141 1]
[ 17 141 1 1]
[141 1 1 17] with 15
[ 1 17 141 1]
[ 17 141 1 1]
[141 1 1 17]
[ 1 1 17 141] with 15
[ 1 1 33 141]
[ 1 33 141 1]
[ 33 141 1 1]
[141 1 1 33] with 17
[ 1 33 141 1]
[ 33 141 1 1]
[141 1 1 33]
[ 1 1 33 141] with 17
[ 1 1 34 141]
[ 1 34 141 1]
[ 34 141 1 1]
[141 1 1 34] with 16
[ 1 34 141 1]
[ 34 141 1 1]
[141 1 1 34]
[ 1 1 34 141] with 16
[ 1 1 35 141]
[ 1 35 141 1]
[ 35 141 1 1]
[141 1 1 35] with 14
[ 1 35 141 1]
[ 35 141 1 1]
[141 1 1 35]
[ 1 1 35 141] with 14
[ 1 35 141 141]
[ 35 141 141 1]
[141 141 1 35]
[141 1 35 141] with 17
[ 1 1 70 141]
[ 1 70 141 1]
[ 70 141 1 1]
[141 1 1 70] with 13
[ 1 70 141 1]
[ 70 141 1 1]
[141 1 1 70]
[ 1 1 70 141] with 13
[ 1 70 141 141]
[ 70 141 141 1]
[141 141 1 70]
[141 1 70 141] with 16
[ 1 1 70 203]
[ 1 70 203 1]
[ 70 203 1 1]
[203 1 1 70] with 17
[ 1 70 203 1]
[ 70 203 1 1]
[203 1 1 70]
[ 1 1 70 203] with 17
[ 1 1 116 141]
[ 1 116 141 1]
[116 141 1 1]
[141 1 1 116] with 16
[ 1 116 141 1]
[116 141 1 1]
[141 1 1 116]
[ 1 1 116 141] with 16
[ 1 1 133 141]
[ 1 133 141 1]
[133 141 1 1]
[141 1 1 133] with 15
[ 1 133 141 1]
[133 141 1 1]
[141 1 1 133]
[ 1 1 133 141] with 15
[ 1 1 140 141]
[ 1 140 141 1]
[140 141 1 1]
[141 1 1 140] with 12
[ 1 140 141 1]
[140 141 1 1]
[141 1 1 140]
[ 1 1 140 141] with 12
[ 1 140 141 141]
[140 141 141 1]
[141 141 1 140]
[141 1 140 141] with 15
[ 1 1 140 203]
[ 1 140 203 1]
[140 203 1 1]
[203 1 1 140] with 16
[ 1 140 203 1]
[140 203 1 1]
[203 1 1 140]
[ 1 1 140 203] with 16
[ 1 1 141 143]
[ 1 141 143 1]
[141 143 1 1]
[143 1 1 141] with 17
[ 1 141 143 1]
[141 143 1 1]
[143 1 1 141]
[ 1 1 141 143] with 17
[ 1 1 141 156]
[ 1 141 156 1]
[141 156 1 1]
[156 1 1 141] with 16
[ 1 141 156 1]
[141 156 1 1]
[156 1 1 141]
[ 1 1 141 156] with 16
[ 1 1 141 201]
[ 1 141 201 1]
[141 201 1 1]
[201 1 1 141] with 17
[ 1 141 201 1]
[141 201 1 1]
[201 1 1 141]
[ 1 1 141 201] with 17
[ 1 1 141 202]
[ 1 141 202 1]
[141 202 1 1]
[202 1 1 141] with 16
[ 1 141 202 1]
[141 202 1 1]
[202 1 1 141]
[ 1 1 141 202] with 16
[ 1 1 141 203]
[ 1 141 203 1]
[141 203 1 1]
[203 1 1 141] with 10
[ 1 141 203 1]
[141 203 1 1]
[203 1 1 141]
[ 1 1 141 203] with 10
[ 1 141 141 203]
[141 141 203 1]
[141 203 1 141]
[203 1 141 141] with 13
[ 1 141 203 203]
[141 203 203 1]
[203 203 1 141]
[203 1 141 203] with 17
[ 1 1 141 232]
[ 1 141 232 1]
[141 232 1 1]
[232 1 1 141] with 13
[ 1 141 232 1]
[141 232 1 1]
[232 1 1 141]
[ 1 1 141 232] with 13
[ 1 1 141 233]
[ 1 141 233 1]
[141 233 1 1]
[233 1 1 141] with 17
[ 1 141 233 1]
[141 233 1 1]
[233 1 1 141]
[ 1 1 141 233] with 17
[ 1 1 203 232]
[ 1 203 232 1]
[203 232 1 1]
[232 1 1 203] with 17
[ 1 203 232 1]
[203 232 1 1]
[232 1 1 203]
[ 1 1 203 232] with 17
[ 2 2 4 141]
[ 2 4 141 2]
[ 4 141 2 2]
[141 2 2 4] with 15
[ 2 4 141 2]
[ 4 141 2 2]
[141 2 2 4]
[ 2 2 4 141] with 15
[ 2 4 141 141]
[ 4 141 141 2]
[141 141 2 4]
[141 2 4 141] with 15
[ 2 2 141 203]
[ 2 141 203 2]
[141 203 2 2]
[203 2 2 141] with 16
[ 2 141 203 2]
[141 203 2 2]
[203 2 2 141]
[ 2 2 141 203] with 16
[ 2 141 141 203]
[141 141 203 2]
[141 203 2 141]
[203 2 141 141] with 16
